0.100 10.200
0.100 5.400
0.500 5.700
0.700 6.200
0.800 8.400
1.100 7.100
1.900 7.700
2.000 8.400
2.400 8.800
2.500 9.800
2.600 12.600
2.900 9.500
3.000 13.000
3.600 10.800
3.800 11.800
4.000 11.900
4.900 14.700
6.200 7.500
6.600 14.800
6.800 12.900
7.400 17.200
8.200 14.600
8.500 13.500
8.600 15.400
8.900 15.000
9.000 15.500
9.600 16.800
9.800 10.900
9.900 16.300
10.700 18.400
10.800 11.700
11.100 18.400
15.400 16.900
15.500 16.800
15.600 19.400
15.900 19.400
16.300 19.000
16.500 19.400
16.700 21.300
18.200 21.900
18.400 21.300
18.500 20.900
